PC/104 FIRe Fluorometer 2.0.0
 4/ 8/2025     27213
LED Color:           blue
Gain:               1900
Sample Delay (msec):    10
Number Samples:   3
STF (usec):      150
STRP (#samples):       35
STRI (usec):       60
MTF (ms):        0
MTF (#samples):     0
MTRP (#samples):        0
MTRI (usec):      100
PQLen:     4
Ambient Light Source Power: Off
PAR (uMol/m^2/s):350.00
Comment:
Depth(m):   3.5
Temperature(C):  42.7
Battery(V):  16.37

         Time    EX   Fl-Yield 
DATA--------------------------
   0         0     0       0.0 
   1         1   156    -160.3 
   2         2   817     -17.5 
   3         3   953      83.9 
   4         4   969      88.1 
   5         5   972      60.4 
   6         6   973      65.1 
   7         7   973      46.9 
   8         8   977      57.3 
   9         9   974       9.6 
  10        10   975      50.3 
  11        11   976      38.9 
  12        12   977      54.9 
  13        13   977       2.4 
  14        14   977      44.0 
  15        15   977      13.3 
  16        16   978      74.3 
  17        17   980      78.2 
  18        18   977      44.7 
  19        19   978      26.9 
  20        20   979      41.2 
  21        21   980      69.0 
  22        22   979     103.5 
  23        23   979      28.3 
  24        24   979      85.5 
  25        25   980      92.2 
  26        26   980      72.8 
  27        27   978      52.8 
  28        28   980     105.4 
  29        29   980      42.9 
  30        30   980      70.1 
  31        31   980      70.4 
  32        32   980      84.0 
  33        33   980      68.4 
  34        34   981      92.8 
  35        35   981      36.0 
  36        36   980      79.6 
  37        37   981      41.5 
  38        38   980      57.5 
  39        39   981      84.6 
  40        40   980      56.1 
  41        41   981      46.9 
  42        42   980      68.0 
  43        43   982      21.0 
  44        44   981      69.0 
  45        45   980      65.6 
  46        46   981      55.0 
  47        47   982      58.4 
  48        48   982      10.9 
  49        49   981      15.6 
  50        50   981      47.2 
  51        51   980      73.5 
  52        52   983      77.3 
  53        53   981      90.4 
  54        54   981      49.6 
  55        55   981      77.1 
  56        56   982     119.1 
  57        57   982      83.2 
  58        58   981      29.2 
  59        59   981      69.0 
  60        60   980      64.3 
  61        61   983      43.4 
  62        62   981      68.6 
  63        63   981      35.7 
  64        64   981      89.7 
  65        65   982      44.5 
  66        66   982      48.2 
  67        67   981      51.3 
  68        68   981      88.3 
  69        69   981      67.6 
  70        70   983      68.5 
  71        71   980      66.7 
  72        72   981       3.7 
  73        73   981      32.6 
  74        74   982      59.4 
  75        75   981      75.1 
  76        76   980      69.7 
  77        77   980      84.4 
  78        78   982      26.8 
  79        79   982      60.4 
  80        80   980      61.2 
  81        81   981      81.9 
  82        82   980      48.0 
  83        83   982       2.0 
  84        84   980      30.6 
  85        85   980      65.3 
  86        86   980     144.2 
  87        87   982      40.7 
  88        88   981      60.1 
  89        89   980      59.5 
  90        90   981      73.4 
  91        91   981      51.3 
  92        92   982      69.6 
  93        93   980      63.6 
  94        94   980      48.3 
  95        95   980       9.9 
  96        96   982      43.1 
  97        97   981      51.0 
  98        98   980      56.5 
  99        99   980      97.3 
 100       100   980      13.6 
 101       101   981      69.0 
 102       102   980      31.0 
 103       103   980      80.3 
 104       104   980      44.6 
 105       105   982      61.1 
 106       106   980      51.0 
 107       107   980      61.2 
 108       108   980      38.1 
 109       109   981      31.9 
 110       110   980      60.9 
 111       111   980      59.9 
 112       112   980      87.4 
 113       113   980      31.3 
 114       114   981      43.5 
 115       115   980      57.8 
 116       116   980      27.9 
 117       117   980      40.8 
 118       118   980      45.9 
 119       119   980       1.7 
 120       120   979      53.5 
 121       121   980     121.4 
 122       122   980      82.0 
 123       123   981       2.4 
 124       124   979      76.3 
 125       125   980      91.8 
 126       126   980     119.7 
 127       127   981      40.8 
 128       128   980      61.2 
 129       129   979      79.0 
 130       130   979      70.1 
 131       131   980      50.0 
 132       132   980      70.1 
 133       133   979      59.2 
 134       134   979     102.5 
 135       135   979      68.8 
 136       136   980      50.0 
 137       137   979      71.2 
 138       138   979     125.3 
 139       139   979      60.6 
 140       140   980      44.2 
 141       141   980      33.3 
 142       142   978      58.6 
 143       143   980      80.3 
 144       144   979      46.3 
 145       145   980      83.7 
 146       146   978      79.8 
 147       147   979      95.3 
 148       148   979      11.2 
 149       149   979      22.1 
 150       150   979      22.1 
 151       210  1000      17.3 
 152       270   997      33.4 
 153       330  1000      85.3 
 154       390   996      92.4 
 155       450   996      99.7 
 156       510   996      65.9 
 157       570   994      43.9 
 158       630   998      55.8 
 159       810   983      84.8 
 160       990   980     110.9 
 161      1170   985      92.0 
 162      1350   986      21.6 
 163      1530   981     130.8 
 164      2070   980      93.9 
 165      2691   973      55.8 
 166      3405   978      58.3 
 167      4226   978     106.3 
 168      5170   976      90.5 
 169      6256   975     137.8 
 170      7505   974     141.0 
 171      8941   977     -72.7 
 172     10592   975      55.7 
 173     12491   973       3.8 
 174     14675   979     122.2 
 175     17187   975      39.7 
 176     20076   974      48.9 
 177     23398   977      51.5 
 178     27218   979     117.5 
 179     31611   980     118.7 
 180     36663   980      58.2 
 181     42473   977      95.9 
 182     49155   978     168.7 
 183     56839   980      17.7 
 184     65676   977      83.6 
 185     75839   981      83.6 
   1         1   156     -64.1 
   2         2   817      26.5 
   3         3   953      30.8 
   4         4   969      18.9 
   5         5   972      13.0 
   6         6   973      28.4 
   7         7   973      30.5 
   8         8   977      49.1 
   9         9   974      32.5 
  10        10   975      52.6 
  11        11   976      79.2 
  12        12   977      97.2 
  13        13   977     112.2 
  14        14   977     113.3 
  15        15   977     139.9 
  16        16   978      86.2 
  17        17   980      84.7 
  18        18   977     108.5 
  19        19   978     109.7 
  20        20   979      88.9 
  21        21   980      70.1 
  22        22   979      51.4 
  23        23   979      46.0 
  24        24   979      32.7 
  25        25   980      27.9 
  26        26   980      -1.4 
  27        27   978      -6.8 
  28        28   980      18.4 
  29        29   980      22.8 
  30        30   980      -2.4 
  31        31   980      45.9 
  32        32   980      48.3 
  33        33   980       8.5 
  34        34   981      18.0 
  35        35   981       6.8 
  36        36   980      27.9 
  37        37   981      29.2 
  38        38   980       8.5 
  39        39   981      52.3 
  40        40   980       1.4 
  41        41   981      45.9 
  42        42   980       6.5 
  43        43   982      57.0 
  44        44   981      18.3 
  45        45   980      38.8 
  46        46   981      60.1 
  47        47   982      40.7 
  48        48   982      52.6 
  49        49   981      10.9 
  50        50   981      50.6 
  51        51   980      33.0 
  52        52   983      35.9 
  53        53   981      21.7 
  54        54   981      54.7 
  55        55   981      15.6 
  56        56   982     -14.9 
  57        57   982      35.6 
  58        58   981      21.7 
  59        59   981      37.0 
  60        60   980      28.6 
  61        61   983      14.9 
  62        62   981      21.7 
  63        63   981      24.1 
  64        64   981      29.6 
  65        65   982      43.1 
  66        66   982      62.5 
  67        67   981      33.3 
  68        68   981      72.4 
  69        69   981      29.6 
  70        70   983      50.5 
  71        71   980      70.1 
  72        72   981      21.4 
  73        73   981      56.7 
  74        74   982      39.4 
  75        75   981      48.3 
  76        76   980      27.6 
  77        77   980      55.4 
  78        78   982      37.0 
  79        79   982      60.1 
  80        80   980      35.4 
  81        81   981      30.6 
  82        82   980      38.1 
  83        83   982      43.4 
  84        84   980      50.0 
  85        85   980      49.7 
  86        86   980      82.7 
  87        87   982      66.9 
  88        88   981      56.1 
  89        89   980      61.6 
  90        90   981      37.4 
  91        91   981      92.1 
  92        92   982      55.7 
  93        93   980      64.3 
  94        94   980      73.5 
  95        95   980      37.4 
  96        96   982      89.6 
  97        97   981      66.3 
  98        98   980      43.2 
  99        99   980      78.9 
 100       100   980      98.0 
 101       101   981      93.8 
 102       102   980     101.7 
 103       103   980      91.8 
 104       104   980     106.5 
 105       105   982     121.2 
 106       106   980      77.9 
 107       107   980      80.6 
 108       108   980     103.4 
 109       109   981      43.2 
 110       110   980     114.3 
 111       111   980      72.4 
 112       112   980      88.8 
 113       113   980      93.5 
 114       114   981      62.2 
 115       115   980     128.2 
 116       116   980      72.8 
 117       117   980      89.8 
 118       118   980      92.9 
 119       119   980      99.0 
 120       120   979      75.2 
 121       121   980      88.8 
 122       122   980      78.2 
 123       123   981      99.2 
 124       124   979      66.4 
 125       125   980      44.2 
 126       126   980      79.3 
 127       127   981      33.6 
 128       128   980     104.8 
 129       129   979      80.4 
 130       130   979     123.9 
 131       131   980      68.4 
 132       132   980      50.7 
 133       133   979      69.1 
 134       134   979      34.0 
 135       135   979      62.3 
 136       136   980      29.9 
 137       137   979      65.4 
 138       138   979       4.4 
 139       139   979      63.3 
 140       140   980      74.8 
 141       141   980      62.9 
 142       142   978      66.5 
 143       143   980      23.1 
 144       144   979     -10.9 
 145       145   980      15.3 
 146       146   978      30.3 
 147       147   979      35.1 
 148       148   979      85.5 
 149       149   979      48.0 
 150       150   979      48.0 
 151       210  1000      99.7 
 152       270   997      20.4 
 153       330  1000     155.3 
 154       390   996      50.2 
 155       450   996      33.8 
 156       510   996       9.0 
 157       570   994      97.6 
 158       630   998      24.4 
 159       810   983     170.9 
 160       990   980     109.9 
 161      1170   985      43.3 
 162      1350   986      98.7 
 163      1530   981      27.5 
 164      2070   980     137.1 
 165      2691   973     108.6 
 166      3405   978     -17.0 
 167      4226   978     145.9 
 168      5170   976      67.3 
 169      6256   975     112.5 
 170      7505   974      45.2 
 171      8941   977     110.5 
 172     10592   975      92.0 
 173     12491   973      92.8 
 174     14675   979      95.0 
 175     17187   975     162.1 
 176     20076   974      76.3 
 177     23398   977     107.5 
 178     27218   979      84.1 
 179     31611   980     141.2 
 180     36663   980      83.7 
 181     42473   977      18.8 
 182     49155   978      78.4 
 183     56839   980     -80.6 
 184     65676   977      78.1 
 185     75839   981      78.1 
