PC/104 FIRe Fluorometer 2.0.0
 4/ 8/2025     27370
LED Color:           blue
Gain:               2000
Sample Delay (msec):    10
Number Samples:   3
STF (usec):      150
STRP (#samples):       35
STRI (usec):       60
MTF (ms):        0
MTF (#samples):     0
MTRP (#samples):        0
MTRI (usec):      100
PQLen:     4
Ambient Light Source Power: Off
PAR (uMol/m^2/s):120.05
Comment:
Depth(m):   3.4
Temperature(C):  42.7
Battery(V):  16.32

         Time    EX   Fl-Yield 
DATA--------------------------
   0         0     0       0.0 
   1         1   156    -271.4 
   2         2   817      27.3 
   3         3   953      49.3 
   4         4   969      54.4 
   5         5   972      73.7 
   6         6   973      42.8 
   7         7   973      53.4 
   8         8   977      43.3 
   9         9   974     124.2 
  10        10   975      65.3 
  11        11   976      88.1 
  12        12   977      39.9 
  13        13   977      63.5 
  14        14   977      67.9 
  15        15   977      74.4 
  16        16   978      83.2 
  17        17   980     106.8 
  18        18   977      27.0 
  19        19   978     -28.3 
  20        20   979      72.9 
  21        21   980      72.8 
  22        22   979      91.6 
  23        23   979      -6.1 
  24        24   979      74.6 
  25        25   980      31.3 
  26        26   980     101.7 
  27        27   978      16.4 
  28        28   980      16.0 
  29        29   980      68.7 
  30        30   980      74.1 
  31        31   980      19.4 
  32        32   980      63.3 
  33        33   980      66.3 
  34        34   981      65.6 
  35        35   981      49.6 
  36        36   980      28.2 
  37        37   981      51.6 
  38        38   980     103.4 
  39        39   981     154.6 
  40        40   980      56.8 
  41        41   981      72.7 
  42        42   980      91.8 
  43        43   982     124.9 
  44        44   981      70.7 
  45        45   980      61.9 
  46        46   981     119.3 
  47        47   982     112.4 
  48        48   982      88.9 
  49        49   981      79.5 
  50        50   981     103.0 
  51        51   980     153.7 
  52        52   983     118.7 
  53        53   981      76.5 
  54        54   981      82.6 
  55        55   981     149.2 
  56        56   982     106.9 
  57        57   982      97.8 
  58        58   981      71.7 
  59        59   981     108.4 
  60        60   980     132.7 
  61        61   983     102.1 
  62        62   981      93.8 
  63        63   981     119.9 
  64        64   981     182.5 
  65        65   982     105.6 
  66        66   982      17.3 
  67        67   981      99.6 
  68        68   981     157.0 
  69        69   981     151.5 
  70        70   983      57.3 
  71        71   980     109.5 
  72        72   981      74.4 
  73        73   981     156.6 
  74        74   982     115.8 
  75        75   981     105.0 
  76        76   980     139.8 
  77        77   980     129.9 
  78        78   982     159.2 
  79        79   982     113.7 
  80        80   980     128.9 
  81        81   981     119.6 
  82        82   980      98.3 
  83        83   982      48.5 
  84        84   980     148.3 
  85        85   980     150.0 
  86        86   980     161.6 
  87        87   982      98.4 
  88        88   981     107.7 
  89        89   980     165.3 
  90        90   981     147.5 
  91        91   981     113.5 
  92        92   982      90.6 
  93        93   980     131.0 
  94        94   980     165.6 
  95        95   980     110.9 
  96        96   982      90.6 
  97        97   981     147.1 
  98        98   980     142.5 
  99        99   980     170.4 
 100       100   980     131.6 
 101       101   981     100.2 
 102       102   980     141.8 
 103       103   980     123.1 
 104       104   980      89.1 
 105       105   982     110.3 
 106       106   980     136.7 
 107       107   980     160.5 
 108       108   980     135.0 
 109       109   981      93.8 
 110       110   980      81.3 
 111       111   980     143.5 
 112       112   980     144.6 
 113       113   980      66.7 
 114       114   981      69.7 
 115       115   980      87.4 
 116       116   980     106.8 
 117       117   980      96.9 
 118       118   980      53.4 
 119       119   980     116.0 
 120       120   979     154.2 
 121       121   980      84.0 
 122       122   980      76.5 
 123       123   981      71.4 
 124       124   979     115.1 
 125       125   980     114.3 
 126       126   980      25.5 
 127       127   981      83.2 
 128       128   980      96.3 
 129       129   979      97.7 
 130       130   979      64.4 
 131       131   980      74.5 
 132       132   980      82.0 
 133       133   979      93.0 
 134       134   979      65.0 
 135       135   979      94.0 
 136       136   980     132.0 
 137       137   979      76.9 
 138       138   979      88.5 
 139       139   979      60.9 
 140       140   980      56.5 
 141       141   980      90.5 
 142       142   978     114.5 
 143       143   980      34.7 
 144       144   979      67.8 
 145       145   980      60.2 
 146       146   978      44.3 
 147       147   979       6.1 
 148       148   979      10.6 
 149       149   979      37.1 
 150       150   979      37.1 
 151       210  1000     160.3 
 152       270   997      57.2 
 153       330  1000      56.7 
 154       390   996     -76.0 
 155       450   996     104.8 
 156       510   996      66.3 
 157       570   994      83.5 
 158       630   998      96.5 
 159       810   983      49.8 
 160       990   980      39.5 
 161      1170   985     100.2 
 162      1350   986      64.6 
 163      1530   981     155.3 
 164      2070   980     180.3 
 165      2691   973     191.2 
 166      3405   978      86.2 
 167      4226   978     159.5 
 168      5170   976     166.3 
 169      6256   975      22.9 
 170      7505   974       8.2 
 171      8941   977     -42.0 
 172     10592   975      28.0 
 173     12491   973     -24.0 
 174     14675   979      38.1 
 175     17187   975     -45.1 
 176     20076   974     291.6 
 177     23398   977     140.2 
 178     27218   979     -67.4 
 179     31611   980     138.1 
 180     36663   980      84.4 
 181     42473   977     109.5 
 182     49155   978      88.6 
 183     56839   980      -8.2 
 184     65676   977     200.6 
 185     75839   981     200.6 
   1         1   156     145.3 
   2         2   817      51.8 
   3         3   953     110.9 
   4         4   969      60.9 
   5         5   972     108.0 
   6         6   973     136.7 
   7         7   973      83.9 
   8         8   977      72.0 
   9         9   974     160.5 
  10        10   975     110.1 
  11        11   976      74.1 
  12        12   977      77.1 
  13        13   977     129.0 
  14        14   977     145.0 
  15        15   977     122.5 
  16        16   978     122.4 
  17        17   980     173.5 
  18        18   977     159.7 
  19        19   978     163.9 
  20        20   979     141.0 
  21        21   980     151.4 
  22        22   979     155.9 
  23        23   979     126.7 
  24        24   979      99.4 
  25        25   980     128.2 
  26        26   980      60.5 
  27        27   978     122.7 
  28        28   980      74.5 
  29        29   980      49.0 
  30        30   980      49.7 
  31        31   980     125.2 
  32        32   980     130.3 
  33        33   980      96.9 
  34        34   981       5.8 
  35        35   981      85.3 
  36        36   980      71.8 
  37        37   981      75.4 
  38        38   980      45.6 
  39        39   981      73.7 
  40        40   980     116.0 
  41        41   981      16.0 
  42        42   980      50.3 
  43        43   982      75.4 
  44        44   981     105.0 
  45        45   980      31.0 
  46        46   981      70.0 
  47        47   982      72.3 
  48        48   982     104.9 
  49        49   981     108.4 
  50        50   981      94.5 
  51        51   980      90.5 
  52        52   983      65.8 
  53        53   981     111.1 
  54        54   981     105.7 
  55        55   981      78.8 
  56        56   982     111.0 
  57        57   982      59.7 
  58        58   981      72.4 
  59        59   981      55.7 
  60        60   980      63.9 
  61        61   983      94.3 
  62        62   981     103.6 
  63        63   981      93.4 
  64        64   981      37.4 
  65        65   982      86.9 
  66        66   982      61.1 
  67        67   981     145.1 
  68        68   981      51.0 
  69        69   981      89.4 
  70        70   983      87.8 
  71        71   980      52.0 
  72        72   981      42.1 
  73        73   981      72.0 
  74        74   982     111.0 
  75        75   981      80.9 
  76        76   980      31.0 
  77        77   980      45.9 
  78        78   982      67.9 
  79        79   982      99.8 
  80        80   980      99.7 
  81        81   981      46.2 
  82        82   980     106.1 
  83        83   982     127.3 
  84        84   980      77.2 
  85        85   980      48.0 
  86        86   980     118.4 
  87        87   982     156.1 
  88        88   981      89.0 
  89        89   980      75.5 
  90        90   981      92.4 
  91        91   981     132.2 
  92        92   982      95.7 
  93        93   980      99.7 
  94        94   980     113.6 
  95        95   980     118.7 
  96        96   982     179.9 
  97        97   981     126.7 
  98        98   980     118.7 
  99        99   980     102.7 
 100       100   980     107.8 
 101       101   981     120.6 
 102       102   980     127.9 
 103       103   980     105.4 
 104       104   980      88.4 
 105       105   982     102.2 
 106       106   980     138.1 
 107       107   980     119.0 
 108       108   980     187.4 
 109       109   981     134.9 
 110       110   980     157.1 
 111       111   980     131.6 
 112       112   980     117.3 
 113       113   980     138.4 
 114       114   981      98.5 
 115       115   980     130.3 
 116       116   980     119.4 
 117       117   980     152.4 
 118       118   980     129.6 
 119       119   980     132.3 
 120       120   979     110.3 
 121       121   980     137.4 
 122       122   980     129.3 
 123       123   981     111.1 
 124       124   979     104.9 
 125       125   980     148.3 
 126       126   980      93.9 
 127       127   981     127.8 
 128       128   980      86.7 
 129       129   979     137.6 
 130       130   979     218.6 
 131       131   980     107.8 
 132       132   980      94.9 
 133       133   979     130.7 
 134       134   979     172.3 
 135       135   979     100.8 
 136       136   980     161.9 
 137       137   979     136.5 
 138       138   979     146.1 
 139       139   979     181.5 
 140       140   980      91.8 
 141       141   980     140.1 
 142       142   978     142.1 
 143       143   980     169.7 
 144       144   979      79.7 
 145       145   980      38.8 
 146       146   978     114.9 
 147       147   979     164.5 
 148       148   979      87.5 
 149       149   979      87.2 
 150       150   979      87.2 
 151       210  1000      93.0 
 152       270   997     123.7 
 153       330  1000     222.7 
 154       390   996     115.5 
 155       450   996     209.8 
 156       510   996      95.0 
 157       570   994     225.7 
 158       630   998     182.7 
 159       810   983     107.5 
 160       990   980     103.7 
 161      1170   985      84.3 
 162      1350   986      35.5 
 163      1530   981      30.9 
 164      2070   980     234.4 
 165      2691   973     229.2 
 166      3405   978     143.1 
 167      4226   978     118.6 
 168      5170   976     217.6 
 169      6256   975      59.5 
 170      7505   974     122.9 
 171      8941   977      59.0 
 172     10592   975      30.8 
 173     12491   973     261.7 
 174     14675   979     115.1 
 175     17187   975     193.8 
 176     20076   974     133.8 
 177     23398   977      52.9 
 178     27218   979     213.5 
 179     31611   980     176.5 
 180     36663   980      88.1 
 181     42473   977     130.7 
 182     49155   978     199.4 
 183     56839   980     187.8 
 184     65676   977      74.0 
 185     75839   981      74.0 
