PC/104 FIRe Fluorometer 2.0.0
 4/ 8/2025     27523
LED Color:           blue
Gain:               2000
Sample Delay (msec):    10
Number Samples:   3
STF (usec):      150
STRP (#samples):       35
STRI (usec):       60
MTF (ms):        0
MTF (#samples):     0
MTRP (#samples):        0
MTRI (usec):      100
PQLen:     4
Ambient Light Source Power: Off
PAR (uMol/m^2/s): 84.04
Comment:
Depth(m):   3.4
Temperature(C):  43.1
Battery(V):  16.28

         Time    EX   Fl-Yield 
DATA--------------------------
   0         0     0       0.0 
   1         1   156      25.6 
   2         2   817      22.0 
   3         3   953      65.4 
   4         4   969     180.9 
   5         5   972     113.5 
   6         6   973      90.8 
   7         7   973      51.7 
   8         8   977     102.7 
   9         9   974     137.2 
  10        10   975     145.3 
  11        11   976      69.0 
  12        12   977     130.3 
  13        13   977     133.4 
  14        14   977     139.2 
  15        15   977     130.7 
  16        16   978     105.0 
  17        17   980     184.7 
  18        18   977     142.3 
  19        19   978     148.6 
  20        20   979     137.6 
  21        21   980     198.0 
  22        22   979     191.7 
  23        23   979     128.0 
  24        24   979     109.6 
  25        25   980     149.0 
  26        26   980     174.8 
  27        27   978     181.0 
  28        28   980      82.7 
  29        29   980     134.7 
  30        30   980     136.7 
  31        31   980     131.3 
  32        32   980     116.7 
  33        33   980      47.3 
  34        34   981     184.5 
  35        35   981     145.4 
  36        36   980      97.3 
  37        37   981      90.7 
  38        38   980     213.9 
  39        39   981     128.4 
  40        40   980     123.8 
  41        41   981      39.4 
  42        42   980     131.3 
  43        43   982      97.1 
  44        44   981     132.5 
  45        45   980     123.8 
  46        46   981     101.9 
  47        47   982     174.1 
  48        48   982      79.8 
  49        49   981      99.2 
  50        50   981      70.3 
  51        51   980     175.9 
  52        52   983      91.9 
  53        53   981      84.9 
  54        54   981      73.1 
  55        55   981     120.6 
  56        56   982     107.6 
  57        57   982     109.3 
  58        58   981     113.1 
  59        59   981      95.8 
  60        60   980     136.4 
  61        61   983     127.2 
  62        62   981     140.0 
  63        63   981     106.7 
  64        64   981     145.4 
  65        65   982     105.6 
  66        66   982     130.3 
  67        67   981      90.4 
  68        68   981     183.8 
  69        69   981     108.7 
  70        70   983      80.0 
  71        71   980     101.7 
  72        72   981     122.0 
  73        73   981     138.3 
  74        74   982     122.5 
  75        75   981     126.4 
  76        76   980     102.0 
  77        77   980     148.0 
  78        78   982     136.1 
  79        79   982     114.4 
  80        80   980     107.1 
  81        81   981      92.4 
  82        82   980     176.2 
  83        83   982     145.3 
  84        84   980     107.8 
  85        85   980     185.0 
  86        86   980     140.5 
  87        87   982      97.8 
  88        88   981     105.7 
  89        89   980     101.7 
  90        90   981     188.6 
  91        91   981     114.5 
  92        92   982     109.0 
  93        93   980      98.3 
  94        94   980     115.6 
  95        95   980     122.4 
  96        96   982     127.6 
  97        97   981      84.6 
  98        98   980     133.7 
  99        99   980     141.2 
 100       100   980      29.6 
 101       101   981      92.4 
 102       102   980     119.7 
 103       103   980     155.1 
 104       104   980     139.5 
 105       105   982     131.4 
 106       106   980     129.9 
 107       107   980     207.1 
 108       108   980     140.1 
 109       109   981     143.1 
 110       110   980      97.3 
 111       111   980      98.6 
 112       112   980     108.8 
 113       113   980      94.9 
 114       114   981     144.8 
 115       115   980      91.8 
 116       116   980     142.5 
 117       117   980      43.9 
 118       118   980      56.8 
 119       119   980      77.9 
 120       120   979      89.9 
 121       121   980      76.9 
 122       122   980      89.5 
 123       123   981      79.2 
 124       124   979     134.5 
 125       125   980     176.5 
 126       126   980     129.9 
 127       127   981     125.7 
 128       128   980     100.7 
 129       129   979     150.2 
 130       130   979     147.1 
 131       131   980     134.0 
 132       132   980     113.6 
 133       133   979     165.1 
 134       134   979     115.8 
 135       135   979      97.7 
 136       136   980     136.7 
 137       137   979     213.5 
 138       138   979     209.1 
 139       139   979     131.8 
 140       140   980     146.3 
 141       141   980     196.9 
 142       142   978     192.9 
 143       143   980     163.6 
 144       144   979     120.2 
 145       145   980     133.0 
 146       146   978     220.9 
 147       147   979     179.4 
 148       148   979     111.7 
 149       149   979     167.9 
 150       150   979     167.9 
 151       210  1000      35.0 
 152       270   997     122.4 
 153       330  1000     218.0 
 154       390   996     267.7 
 155       450   996     209.8 
 156       510   996     219.5 
 157       570   994     154.3 
 158       630   998     232.5 
 159       810   983      34.2 
 160       990   980     187.4 
 161      1170   985     176.3 
 162      1350   986      92.3 
 163      1530   981       2.7 
 164      2070   980     175.5 
 165      2691   973     169.9 
 166      3405   978      96.8 
 167      4226   978      41.2 
 168      5170   976      48.2 
 169      6256   975     122.4 
 170      7505   974     102.7 
 171      8941   977     -33.4 
 172     10592   975      88.5 
 173     12491   973     114.8 
 174     14675   979     168.2 
 175     17187   975     291.3 
 176     20076   974      43.5 
 177     23398   977      48.1 
 178     27218   979     120.5 
 179     31611   980     108.2 
 180     36663   980     119.4 
 181     42473   977     129.3 
 182     49155   978     -24.9 
 183     56839   980     127.6 
 184     65676   977     131.4 
 185     75839   981     131.4 
   1         1   156     194.4 
   2         2   817     123.6 
   3         3   953      66.1 
   4         4   969     146.2 
   5         5   972     135.8 
   6         6   973     108.9 
   7         7   973      78.1 
   8         8   977      68.2 
   9         9   974     127.7 
  10        10   975     146.3 
  11        11   976      98.4 
  12        12   977     119.4 
  13        13   977     180.1 
  14        14   977     173.7 
  15        15   977     121.5 
  16        16   978     118.6 
  17        17   980     162.6 
  18        18   977     218.4 
  19        19   978     121.7 
  20        20   979     186.2 
  21        21   980     133.3 
  22        22   979     176.4 
  23        23   979     145.0 
  24        24   979     115.4 
  25        25   980     104.4 
  26        26   980     121.1 
  27        27   978     102.9 
  28        28   980      80.3 
  29        29   980      86.4 
  30        30   980      84.0 
  31        31   980      70.1 
  32        32   980      27.9 
  33        33   980      92.2 
  34        34   981      89.0 
  35        35   981      87.7 
  36        36   980     112.2 
  37        37   981      21.4 
  38        38   980      82.0 
  39        39   981     148.1 
  40        40   980     142.5 
  41        41   981      73.4 
  42        42   980      76.5 
  43        43   982     125.6 
  44        44   981     129.8 
  45        45   980      66.7 
  46        46   981     114.2 
  47        47   982      83.5 
  48        48   982     126.6 
  49        49   981      97.9 
  50        50   981     140.7 
  51        51   980     135.7 
  52        52   983     128.5 
  53        53   981     108.4 
  54        54   981     109.1 
  55        55   981     144.1 
  56        56   982     121.5 
  57        57   982     109.6 
  58        58   981     123.7 
  59        59   981     122.0 
  60        60   980     128.9 
  61        61   983     145.8 
  62        62   981      80.9 
  63        63   981     111.5 
  64        64   981     117.6 
  65        65   982     116.8 
  66        66   982     113.7 
  67        67   981      64.9 
  68        68   981     120.6 
  69        69   981     156.0 
  70        70   983     145.8 
  71        71   980     102.7 
  72        72   981     119.9 
  73        73   981     138.0 
  74        74   982     121.5 
  75        75   981      81.5 
  76        76   980      78.9 
  77        77   980     132.0 
  78        78   982      65.5 
  79        79   982     175.8 
  80        80   980      38.8 
  81        81   981      63.9 
  82        82   980      62.2 
  83        83   982      80.1 
  84        84   980     102.7 
  85        85   980     104.1 
  86        86   980      72.4 
  87        87   982     120.5 
  88        88   981      93.1 
  89        89   980      60.5 
  90        90   981      88.3 
  91        91   981     141.0 
  92        92   982     127.0 
  93        93   980      84.0 
  94        94   980      33.3 
  95        95   980     111.9 
  96        96   982     105.6 
  97        97   981      60.8 
  98        98   980     104.1 
  99        99   980     137.8 
 100       100   980     137.4 
 101       101   981      83.2 
 102       102   980      83.0 
 103       103   980      88.4 
 104       104   980      95.2 
 105       105   982      89.3 
 106       106   980      93.9 
 107       107   980     100.7 
 108       108   980     114.6 
 109       109   981     134.6 
 110       110   980      90.1 
 111       111   980     129.6 
 112       112   980      89.1 
 113       113   980     168.4 
 114       114   981     157.0 
 115       115   980     178.9 
 116       116   980      67.0 
 117       117   980     173.5 
 118       118   980      80.3 
 119       119   980     135.4 
 120       120   979     130.1 
 121       121   980     141.2 
 122       122   980     173.5 
 123       123   981      92.4 
 124       124   979     108.6 
 125       125   980     154.4 
 126       126   980     133.7 
 127       127   981     140.3 
 128       128   980      74.8 
 129       129   979     126.7 
 130       130   979     173.6 
 131       131   980     149.3 
 132       132   980     110.5 
 133       133   979     148.8 
 134       134   979      89.9 
 135       135   979     160.4 
 136       136   980     117.0 
 137       137   979     136.5 
 138       138   979     102.8 
 139       139   979     158.7 
 140       140   980     119.7 
 141       141   980     138.8 
 142       142   978     129.9 
 143       143   980     189.1 
 144       144   979     148.8 
 145       145   980     135.0 
 146       146   978     103.3 
 147       147   979     153.2 
 148       148   979     107.6 
 149       149   979     100.1 
 150       150   979     100.1 
 151       210  1000      56.0 
 152       270   997     112.7 
 153       330  1000      51.0 
 154       390   996       6.7 
 155       450   996     123.8 
 156       510   996      18.4 
 157       570   994      81.8 
 158       630   998     168.7 
 159       810   983     119.0 
 160       990   980     169.4 
 161      1170   985      95.8 
 162      1350   986     215.3 
 163      1530   981     132.9 
 164      2070   980     219.0 
 165      2691   973     127.4 
 166      3405   978     205.2 
 167      4226   978     127.5 
 168      5170   976     100.1 
 169      6256   975     135.7 
 170      7505   974      64.7 
 171      8941   977     130.3 
 172     10592   975     181.5 
 173     12491   973       8.9 
 174     14675   979     202.6 
 175     17187   975      44.8 
 176     20076   974      76.3 
 177     23398   977     112.2 
 178     27218   979     130.4 
 179     31611   980      62.2 
 180     36663   980     122.4 
 181     42473   977     107.1 
 182     49155   978     248.5 
 183     56839   980     -25.9 
 184     65676   977      33.4 
 185     75839   981      33.4 
