PC/104 FIRe Fluorometer 2.0.0
 4/ 8/2025     28203
LED Color:           blue
Gain:               2000
Sample Delay (msec):    10
Number Samples:   3
STF (usec):      150
STRP (#samples):       35
STRI (usec):       60
MTF (ms):        0
MTF (#samples):     0
MTRP (#samples):        0
MTRI (usec):      100
PQLen:     4
Ambient Light Source Power: Off
PAR (uMol/m^2/s):630.00
Comment:
Depth(m):   3.6
Temperature(C):  46.6
Battery(V):  16.20

         Time    EX   Fl-Yield 
DATA--------------------------
   0         0     0       0.0 
   1         1   156     -89.7 
   2         2   817      36.7 
   3         3   953      14.7 
   4         4   969      21.3 
   5         5   972      60.7 
   6         6   973      61.3 
   7         7   973      48.0 
   8         8   977      24.2 
   9         9   974      59.9 
  10        10   975      58.8 
  11        11   976      47.1 
  12        12   977      28.3 
  13        13   977      58.0 
  14        14   977     128.6 
  15        15   977      61.8 
  16        16   978      22.5 
  17        17   980      -3.1 
  18        18   977      88.4 
  19        19   978     115.2 
  20        20   979      37.5 
  21        21   980      19.7 
  22        22   979      79.3 
  23        23   979      74.2 
  24        24   979      38.8 
  25        25   980      45.9 
  26        26   980      56.1 
  27        27   978      84.2 
  28        28   980      96.3 
  29        29   980      65.0 
  30        30   980      21.8 
  31        31   980      58.5 
  32        32   980      96.9 
  33        33   980     -16.3 
  34        34   981      51.6 
  35        35   981     108.1 
  36        36   980      70.7 
  37        37   981      76.8 
  38        38   980       5.8 
  39        39   981      54.4 
  40        40   980      62.9 
  41        41   981      25.8 
  42        42   980      32.7 
  43        43   982      20.7 
  44        44   981      16.6 
  45        45   980      68.0 
  46        46   981      33.6 
  47        47   982     -22.7 
  48        48   982      -8.8 
  49        49   981      41.8 
  50        50   981      48.3 
  51        51   980       1.0 
  52        52   983      37.0 
  53        53   981      31.3 
  54        54   981      71.4 
  55        55   981       4.8 
  56        56   982     -68.2 
  57        57   982      -4.4 
  58        58   981      45.9 
  59        59   981     -46.9 
  60        60   980     -19.0 
  61        61   983      -3.1 
  62        62   981      45.2 
  63        63   981      52.7 
  64        64   981     -17.0 
  65        65   982      29.5 
  66        66   982      22.1 
  67        67   981      47.9 
  68        68   981      15.0 
  69        69   981     -32.3 
  70        70   983      52.2 
  71        71   980     112.2 
  72        72   981      57.4 
  73        73   981       9.2 
  74        74   982       4.4 
  75        75   981      76.1 
  76        76   980      51.7 
  77        77   980      19.7 
  78        78   982      11.9 
  79        79   982     111.3 
  80        80   980     104.4 
  81        81   981      41.1 
  82        82   980      12.6 
  83        83   982      27.5 
  84        84   980     109.9 
  85        85   980      61.9 
  86        86   980      16.0 
  87        87   982      35.3 
  88        88   981      84.3 
  89        89   980      77.2 
  90        90   981      41.8 
  91        91   981      86.0 
  92        92   982      73.3 
  93        93   980     141.8 
  94        94   980      61.9 
  95        95   980      72.4 
  96        96   982      71.3 
  97        97   981     159.4 
  98        98   980     111.6 
  99        99   980      62.6 
 100       100   980      41.8 
 101       101   981     185.2 
 102       102   980     130.3 
 103       103   980     126.2 
 104       104   980      85.0 
 105       105   982     134.8 
 106       106   980     144.6 
 107       107   980      84.4 
 108       108   980      50.3 
 109       109   981     152.6 
 110       110   980     139.1 
 111       111   980     117.3 
 112       112   980     130.3 
 113       113   980     123.1 
 114       114   981     158.0 
 115       115   980     181.6 
 116       116   980      99.3 
 117       117   980     113.6 
 118       118   980     161.2 
 119       119   980     146.3 
 120       120   979      99.8 
 121       121   980     119.7 
 122       122   980     148.3 
 123       123   981     138.0 
 124       124   979     151.5 
 125       125   980      37.4 
 126       126   980      64.3 
 127       127   981     156.0 
 128       128   980     118.0 
 129       129   979      73.9 
 130       130   979      31.7 
 131       131   980      80.6 
 132       132   980     178.2 
 133       133   979      97.7 
 134       134   979      56.5 
 135       135   979      78.7 
 136       136   980     136.1 
 137       137   979      82.7 
 138       138   979      30.0 
 139       139   979      68.1 
 140       140   980      98.6 
 141       141   980     128.2 
 142       142   978      91.7 
 143       143   980      20.4 
 144       144   979      80.0 
 145       145   980     140.8 
 146       146   978     127.8 
 147       147   979      46.6 
 148       148   979      42.2 
 149       149   979      52.4 
 150       150   979      52.4 
 151       210  1000      67.7 
 152       270   997     200.6 
 153       330  1000     232.7 
 154       390   996      79.3 
 155       450   996      34.1 
 156       510   996     147.9 
 157       570   994     323.9 
 158       630   998      48.4 
 159       810   983     190.9 
 160       990   980      76.5 
 161      1170   985      38.6 
 162      1350   986     339.8 
 163      1530   981      95.1 
 164      2070   980     179.6 
 165      2691   973      80.2 
 166      3405   978      35.4 
 167      4226   978     278.1 
 168      5170   976      69.7 
 169      6256   975     -63.9 
 170      7505   974     133.8 
 171      8941   977      64.5 
 172     10592   975     186.7 
 173     12491   973     207.6 
 174     14675   979      94.7 
 175     17187   975     171.6 
 176     20076   974     133.8 
 177     23398   977     143.6 
 178     27218   979     203.6 
 179     31611   980     209.9 
 180     36663   980     135.7 
 181     42473   977     173.3 
 182     49155   978      29.0 
 183     56839   980      31.0 
 184     65676   977      81.9 
 185     75839   981      81.9 
   1         1   156     363.2 
   2         2   817     197.9 
   3         3   953     120.3 
   4         4   969     140.7 
   5         5   972     121.1 
   6         6   973     140.8 
   7         7   973     143.9 
   8         8   977     157.6 
   9         9   974     153.7 
  10        10   975     190.8 
  11        11   976     236.7 
  12        12   977     243.3 
  13        13   977     237.5 
  14        14   977     317.0 
  15        15   977     290.3 
  16        16   978     209.3 
  17        17   980     203.4 
  18        18   977     259.0 
  19        19   978     228.4 
  20        20   979     203.6 
  21        21   980     125.5 
  22        22   979     185.6 
  23        23   979     156.6 
  24        24   979     144.7 
  25        25   980     141.2 
  26        26   980     148.6 
  27        27   978     137.4 
  28        28   980     155.1 
  29        29   980     143.5 
  30        30   980     129.6 
  31        31   980     111.6 
  32        32   980     103.7 
  33        33   980      87.1 
  34        34   981     107.4 
  35        35   981      82.6 
  36        36   980     145.9 
  37        37   981     148.1 
  38        38   980      69.0 
  39        39   981     126.1 
  40        40   980     150.7 
  41        41   981     140.3 
  42        42   980     144.9 
  43        43   982     143.2 
  44        44   981     126.4 
  45        45   980     144.9 
  46        46   981     123.3 
  47        47   982     160.6 
  48        48   982     155.1 
  49        49   981     207.3 
  50        50   981     145.8 
  51        51   980     126.9 
  52        52   983      53.2 
  53        53   981     160.7 
  54        54   981     137.6 
  55        55   981     152.2 
  56        56   982     108.6 
  57        57   982     163.6 
  58        58   981     125.0 
  59        59   981     121.6 
  60        60   980     129.9 
  61        61   983      92.9 
  62        62   981     146.4 
  63        63   981     136.9 
  64        64   981     101.6 
  65        65   982     104.5 
  66        66   982     130.3 
  67        67   981     171.6 
  68        68   981     104.3 
  69        69   981     171.6 
  70        70   983     170.9 
  71        71   980     161.9 
  72        72   981      94.5 
  73        73   981     149.5 
  74        74   982     131.0 
  75        75   981     176.7 
  76        76   980     177.2 
  77        77   980     136.4 
  78        78   982     155.1 
  79        79   982     160.6 
  80        80   980     181.3 
  81        81   981      87.0 
  82        82   980     160.9 
  83        83   982     122.9 
  84        84   980      98.0 
  85        85   980     166.0 
  86        86   980     102.4 
  87        87   982     106.2 
  88        88   981     145.1 
  89        89   980     129.9 
  90        90   981     130.1 
  91        91   981     156.6 
  92        92   982      77.7 
  93        93   980      95.9 
  94        94   980     181.0 
  95        95   980     109.5 
  96        96   982     124.9 
  97        97   981     119.9 
  98        98   980     149.3 
  99        99   980     136.1 
 100       100   980     101.0 
 101       101   981      84.3 
 102       102   980     161.6 
 103       103   980     101.4 
 104       104   980      86.7 
 105       105   982     127.3 
 106       106   980      91.8 
 107       107   980     121.1 
 108       108   980     117.0 
 109       109   981     106.7 
 110       110   980     162.2 
 111       111   980     158.8 
 112       112   980     146.6 
 113       113   980     125.9 
 114       114   981     113.5 
 115       115   980     230.6 
 116       116   980     198.3 
 117       117   980     154.1 
 118       118   980     150.0 
 119       119   980     194.9 
 120       120   979     134.8 
 121       121   980     180.3 
 122       122   980     129.3 
 123       123   981     183.5 
 124       124   979     178.4 
 125       125   980     171.8 
 126       126   980     209.2 
 127       127   981     195.4 
 128       128   980     194.6 
 129       129   979     142.0 
 130       130   979     153.9 
 131       131   980     145.9 
 132       132   980     219.0 
 133       133   979     143.3 
 134       134   979     226.4 
 135       135   979     182.5 
 136       136   980     189.5 
 137       137   979     183.5 
 138       138   979     141.0 
 139       139   979     158.3 
 140       140   980     160.9 
 141       141   980     156.5 
 142       142   978     220.9 
 143       143   980      99.7 
 144       144   979     141.3 
 145       145   980     127.9 
 146       146   978     175.5 
 147       147   979     119.5 
 148       148   979     192.0 
 149       149   979     149.1 
 150       150   979     149.1 
 151       210  1000     -62.3 
 152       270   997      59.5 
 153       330  1000     106.7 
 154       390   996     123.5 
 155       450   996     152.9 
 156       510   996     168.7 
 157       570   994     188.8 
 158       630   998     148.0 
 159       810   983     154.0 
 160       990   980     254.4 
 161      1170   985     129.6 
 162      1350   986     129.1 
 163      1530   981     169.6 
 164      2070   980     132.0 
 165      2691   973     158.6 
 166      3405   978     136.7 
 167      4226   978     140.1 
 168      5170   976     135.2 
 169      6256   975     153.2 
 170      7505   974      55.8 
 171      8941   977      88.0 
 172     10592   975     228.0 
 173     12491   973     152.4 
 174     14675   979     130.7 
 175     17187   975     173.0 
 176     20076   974     191.0 
 177     23398   977     161.7 
 178     27218   979     116.8 
 179     31611   980     102.0 
 180     36663   980     109.9 
 181     42473   977     271.2 
 182     49155   978     306.1 
 183     56839   980      62.6 
 184     65676   977      86.3 
 185     75839   981      86.3 
